mc,tw,t,T,μSD,σSD
1,1,0,1.50000000e+00,1.59568098e+01,2.61472129e+00
3,1,2,1.50000000e+00,1.56322527e+00,2.20968737e-01
11,1,10,1.50000000e+00,1.68967192e+00,7.42811923e-01
2,2,0,1.50000000e+00,7.13320113e+00,1.63274555e+00
4,2,2,1.50000000e+00,1.57567154e+00,2.35219734e-01
12,2,10,1.50000000e+00,1.58745968e+00,8.01958865e-01
3,3,0,1.50000000e+00,1.55406550e+00,2.23505252e-01
5,3,2,1.50000000e+00,1.01906470e+00,1.65797667e-01
13,3,10,1.50000000e+00,1.81138067e+00,7.64048396e-01
4,4,0,1.50000000e+00,1.57346577e+00,2.30545104e-01
6,4,2,1.50000000e+00,8.95182233e-01,1.43430264e-01
14,4,10,1.50000000e+00,9.12547171e-01,1.49952539e-01
5,5,0,1.50000000e+00,1.02808582e+00,1.72005114e-01
7,5,2,1.50000000e+00,6.27414628e-01,8.18557083e-02
15,5,10,1.50000000e+00,8.66168092e-01,1.54590505e-01
7,7,0,1.50000000e+00,6.24394619e-01,8.03178381e-02
9,7,2,1.50000000e+00,1.04064739e+00,1.78178672e-01
17,7,10,1.50000000e+00,1.49845269e+00,7.23706608e-01
9,9,0,1.50000000e+00,1.04650488e+00,1.77272873e-01
11,9,2,1.50000000e+00,1.72673448e+00,7.97399660e-01
19,9,10,1.50000000e+00,1.37856788e+00,2.02001148e-01
12,12,0,1.50000000e+00,1.53415008e+00,7.66903464e-01
14,12,2,1.50000000e+00,9.02248623e-01,1.54175356e-01
22,12,10,1.50000000e+00,8.82388950e-01,1.52444815e-01
16,16,0,1.50000000e+00,9.10592887e-01,1.56543029e-01
18,16,2,1.50000000e+00,9.38094284e-01,1.41371619e-01
26,16,10,1.50000000e+00,1.28467410e+00,2.07388045e-01
22,22,0,1.50000000e+00,8.84502889e-01,1.49577074e-01
24,22,2,1.50000000e+00,6.65298406e-01,1.23702283e-01
32,22,10,1.50000000e+00,1.54184834e+00,7.56869496e-01
29,29,0,1.50000000e+00,7.06410107e-01,1.10218126e-01
31,29,2,1.50000000e+00,2.26220569e+00,1.02013256e+00
39,29,10,1.50000000e+00,5.36596706e-01,8.38878453e-02
39,39,0,1.50000000e+00,5.36784540e-01,8.10002238e-02
41,39,2,1.50000000e+00,5.23329509e-01,9.19393533e-02
49,39,10,1.50000000e+00,8.00207545e-01,1.44390606e-01
51,51,0,1.50000000e+00,8.21788323e-01,1.29823919e-01
53,51,2,1.50000000e+00,1.57100327e+00,7.58544971e-01
61,51,10,1.50000000e+00,8.95604194e-01,1.54631091e-01
68,68,0,1.50000000e+00,6.55443828e-01,1.09948950e-01
70,68,2,1.50000000e+00,8.07691542e-01,1.50467197e-01
78,68,10,1.50000000e+00,8.21685369e-01,1.54214473e-01
91,91,0,1.50000000e+00,6.93085557e-01,1.11124395e-01
93,91,2,1.50000000e+00,6.18691453e-01,1.17814385e-01
101,91,10,1.50000000e+00,5.05321836e-01,7.69941759e-02
120,120,0,1.50000000e+00,1.78926064e+00,7.94191539e-01
122,120,2,1.50000000e+00,2.03181743e+00,7.71576235e-01
130,120,10,1.50000000e+00,7.75683918e-01,1.36109210e-01
159,159,0,1.50000000e+00,8.31334714e-01,1.27656869e-01
161,159,2,1.50000000e+00,6.84389999e-01,1.24676994e-01
169,159,10,1.50000000e+00,6.46714856e-01,1.10955237e-01
212,212,0,1.50000000e+00,1.08240338e+00,1.79256557e-01
214,212,2,1.50000000e+00,5.28221056e-01,7.80284212e-02
222,212,10,1.50000000e+00,1.14593970e+00,1.97973204e-01
281,281,0,1.50000000e+00,4.75584095e-01,7.98784001e-02
283,281,2,1.50000000e+00,7.06604936e-01,1.27586800e-01
291,281,10,1.50000000e+00,2.39922939e+00,1.10391865e+00
372,372,0,1.50000000e+00,5.21636249e-01,9.74381995e-02
374,372,2,1.50000000e+00,7.68770622e-01,1.43939546e-01
382,372,10,1.50000000e+00,8.38282734e-01,1.50107089e-01
494,494,0,1.50000000e+00,1.67139356e+00,7.64125786e-01
496,494,2,1.50000000e+00,7.04639377e-01,1.25047789e-01
504,494,10,1.50000000e+00,3.03832329e-01,2.49497834e-02
655,655,0,1.50000000e+00,1.84604279e+00,7.77342320e-01
657,655,2,1.50000000e+00,6.80758638e-01,1.18070107e-01
665,655,10,1.50000000e+00,9.11834090e-01,1.38572650e-01
868,868,0,1.50000000e+00,1.36963115e+00,7.55204948e-01
870,868,2,1.50000000e+00,7.97642631e-01,1.33342067e-01
878,868,10,1.50000000e+00,1.93430683e+00,7.81400859e-01
1151,1151,0,1.50000000e+00,6.37790358e-01,1.08905848e-01
1153,1151,2,1.50000000e+00,7.89924656e-01,1.40906508e-01
1161,1151,10,1.50000000e+00,1.62133432e+00,7.82885673e-01
1526,1526,0,1.50000000e+00,5.45914110e-01,7.88545820e-02
1528,1526,2,1.50000000e+00,2.22216356e+00,7.95604386e-01
1536,1526,10,1.50000000e+00,6.48564307e-01,1.30434990e-01
2023,2023,0,1.50000000e+00,1.47616671e+00,7.58603272e-01
2025,2023,2,1.50000000e+00,9.17022365e-01,1.60887363e-01
2033,2023,10,1.50000000e+00,9.89650828e-01,1.66188921e-01
2682,2682,0,1.50000000e+00,5.21622127e-01,9.92621382e-02
2684,2682,2,1.50000000e+00,1.07191461e+00,1.71645492e-01
2692,2682,10,1.50000000e+00,9.16654411e-01,1.58777716e-01
3556,3556,0,1.50000000e+00,2.01819740e+00,8.00379809e-01
3558,3556,2,1.50000000e+00,1.46037635e+00,7.48182870e-01
3566,3556,10,1.50000000e+00,9.80476381e-01,1.69145422e-01
4714,4714,0,1.50000000e+00,1.41413213e+00,7.70352822e-01
4716,4714,2,1.50000000e+00,7.55048006e-01,1.33615275e-01
4724,4714,10,1.50000000e+00,7.27189541e-01,1.13261167e-01
6250,6250,0,1.50000000e+00,7.06695415e-01,1.33638655e-01
6252,6250,2,1.50000000e+00,1.75767944e+00,7.84226308e-01
6260,6250,10,1.50000000e+00,7.36515125e-01,1.24519831e-01
8286,8286,0,1.50000000e+00,1.11901027e+00,1.94609715e-01
8288,8286,2,1.50000000e+00,1.07825816e+00,1.66011984e-01
8296,8286,10,1.50000000e+00,9.91700325e-01,1.93570497e-01
10985,10985,0,1.50000000e+00,1.19507682e+00,1.94329870e-01
10987,10985,2,1.50000000e+00,7.31192775e-01,1.11238481e-01
10995,10985,10,1.50000000e+00,4.44417956e-01,7.89958488e-02
14563,14563,0,1.50000000e+00,6.87499598e-01,1.40138038e-01
14565,14563,2,1.50000000e+00,1.01414592e+00,1.72761017e-01
14573,14563,10,1.50000000e+00,6.05393773e-01,1.08101012e-01
19306,19306,0,1.50000000e+00,5.18819888e-01,9.91736158e-02
19308,19306,2,1.50000000e+00,5.32955584e-01,9.30218842e-02
19316,19306,10,1.50000000e+00,7.97557769e-01,1.38480231e-01
25595,25595,0,1.50000000e+00,7.77625872e-01,1.34680278e-01
25597,25595,2,1.50000000e+00,8.80435139e-01,1.47369188e-01
25605,25595,10,1.50000000e+00,6.70859909e-01,1.13024164e-01
33932,33932,0,1.50000000e+00,1.48289541e+00,2.11345416e-01
33934,33932,2,1.50000000e+00,1.40932150e+00,7.74619130e-01
33942,33932,10,1.50000000e+00,7.15041431e-01,1.12046875e-01
44984,44984,0,1.50000000e+00,1.00017999e+00,1.77481137e-01
44986,44984,2,1.50000000e+00,8.21206963e-01,1.56392555e-01
44994,44984,10,1.50000000e+00,9.98131435e-01,1.68614360e-01
59636,59636,0,1.50000000e+00,2.77330405e+00,1.11444403e+00
59638,59636,2,1.50000000e+00,6.57378261e-01,1.05856534e-01
59646,59636,10,1.50000000e+00,6.26043208e-01,1.24051356e-01
79060,79060,0,1.50000000e+00,8.19022511e-01,1.53214403e-01
79062,79060,2,1.50000000e+00,1.30815643e+00,7.76269535e-01
79070,79060,10,1.50000000e+00,3.58833017e-01,2.96046281e-02
104811,104811,0,1.50000000e+00,1.51295039e+00,7.70743142e-01
104813,104811,2,1.50000000e+00,1.03591899e+00,1.85355184e-01
104821,104811,10,1.50000000e+00,9.31986945e-01,1.57383113e-01
138949,138949,0,1.50000000e+00,1.60004975e+00,7.78269723e-01
138951,138949,2,1.50000000e+00,7.58522859e-01,1.41310931e-01
138959,138949,10,1.50000000e+00,6.74495382e-01,1.09142519e-01
184206,184206,0,1.50000000e+00,8.30759431e-01,1.43746581e-01
184208,184206,2,1.50000000e+00,9.52371127e-01,1.48391026e-01
184216,184206,10,1.50000000e+00,6.74994445e-01,1.20840734e-01
244205,244205,0,1.50000000e+00,1.13278914e+00,1.92891879e-01
244207,244205,2,1.50000000e+00,1.06305766e+00,1.73655146e-01
244215,244205,10,1.50000000e+00,6.22038327e-01,1.10822252e-01
323745,323745,0,1.50000000e+00,6.51100175e-01,1.23652171e-01
323747,323745,2,1.50000000e+00,6.81220668e-01,1.17516969e-01
323755,323745,10,1.50000000e+00,5.19986843e-01,8.13215417e-02
429193,429193,0,1.50000000e+00,9.63220133e-01,1.70688465e-01
429195,429193,2,1.50000000e+00,4.14412767e-01,3.20144785e-02
429203,429193,10,1.50000000e+00,2.06393917e+00,7.63382531e-01
568986,568986,0,1.50000000e+00,5.59960297e-01,9.49019445e-02
568988,568986,2,1.50000000e+00,6.37885875e-01,1.22146537e-01
568996,568986,10,1.50000000e+00,1.68095302e+00,7.70640311e-01
754312,754312,0,1.50000000e+00,9.20948852e-01,1.61778002e-01
754314,754312,2,1.50000000e+00,6.47094423e-01,1.10911062e-01
754322,754312,10,1.50000000e+00,1.50505985e+00,7.31595921e-01
1000000,1000000,0,1.50000000e+00,1.98524963e+00,8.09151570e-01
1000002,1000000,2,1.50000000e+00,6.08938559e-01,1.09068532e-01
1000010,1000000,10,1.50000000e+00,8.92591483e-01,1.55754810e-01
1,1,0,5.00000000e-01,6.74024520e+07,2.03285731e+07
3,1,2,5.00000000e-01,1.10165812e+04,4.99381784e+03
11,1,10,5.00000000e-01,1.58938388e+00,1.05580283e+00
2,2,0,5.00000000e-01,3.18642207e+04,8.20016865e+03
4,2,2,5.00000000e-01,6.95038549e+03,3.77999333e+03
12,2,10,5.00000000e-01,7.16008597e-02,3.98711300e-03
3,3,0,5.00000000e-01,1.12814259e+04,5.18885921e+03
5,3,2,5.00000000e-01,1.07570691e+01,2.78247935e+00
13,3,10,5.00000000e-01,6.75267717e-02,3.98729540e-03
4,4,0,5.00000000e-01,6.83131022e+03,3.92894024e+03
6,4,2,5.00000000e-01,2.27231963e+03,2.22183785e+03
14,4,10,5.00000000e-01,7.07236702e-02,3.86748628e-03
5,5,0,5.00000000e-01,1.05905779e+01,2.77961347e+00
7,5,2,5.00000000e-01,3.74919783e+00,1.67935767e+00
15,5,10,5.00000000e-01,1.59028269e+00,1.03752474e+00
7,7,0,5.00000000e-01,3.87480857e+00,1.63773598e+00
9,7,2,5.00000000e-01,6.10694112e+00,2.10173966e+00
17,7,10,5.00000000e-01,5.42787556e+00,2.00011172e+00
9,9,0,5.00000000e-01,6.17474797e+00,2.19155825e+00
11,9,2,5.00000000e-01,1.53211175e+00,1.08674052e+00
19,9,10,5.00000000e-01,1.55509234e+00,1.06962947e+00
12,12,0,5.00000000e-01,7.16388338e-02,4.10970050e-03
14,12,2,5.00000000e-01,7.08839297e-02,3.98352130e-03
22,12,10,5.00000000e-01,1.57456548e+00,1.06633896e+00
16,16,0,5.00000000e-01,6.37858323e-02,4.04427950e-03
18,16,2,5.00000000e-01,1.57235581e+00,1.06139780e+00
26,16,10,5.00000000e-01,6.08652328e-02,3.90202576e-03
22,22,0,5.00000000e-01,1.59719651e+00,1.08394817e+00
24,22,2,5.00000000e-01,5.82165061e-02,3.69627341e-03
32,22,10,5.00000000e-01,6.13567612e-02,3.78399420e-03
29,29,0,5.00000000e-01,6.08907605e-02,3.69471620e-03
31,29,2,5.00000000e-01,8.32803982e-01,7.83385091e-01
39,29,10,5.00000000e-01,5.85265075e-02,3.83611396e-03
39,39,0,5.00000000e-01,5.85856921e-02,3.71331887e-03
41,39,2,5.00000000e-01,6.04588617e-02,3.80259832e-03
49,39,10,5.00000000e-01,5.24773461e+00,1.98722322e+00
51,51,0,5.00000000e-01,8.08085388e-01,7.84472359e-01
53,51,2,5.00000000e-01,5.88507445e-02,3.88044684e-03
61,51,10,5.00000000e-01,5.95804080e-02,3.83375020e-03
68,68,0,5.00000000e-01,5.22302887e-02,3.63592310e-03
70,68,2,5.00000000e-01,5.71484379e-02,3.80380440e-03
78,68,10,5.00000000e-01,5.32766297e-02,3.70397381e-03
91,91,0,5.00000000e-01,5.68545024e-02,3.59710314e-03
93,91,2,5.00000000e-01,3.11681411e+00,1.50604744e+00
101,91,10,5.00000000e-01,5.57913444e-02,3.60183528e-03
120,120,0,5.00000000e-01,8.26076010e-01,7.59232177e-01
122,120,2,5.00000000e-01,5.33284636e-02,3.59634830e-03
130,120,10,5.00000000e-01,5.65693159e-02,3.58894291e-03
159,159,0,5.00000000e-01,8.15610230e-01,7.53591876e-01
161,159,2,5.00000000e-01,5.39155391e-02,3.52919834e-03
169,159,10,5.00000000e-01,5.74666110e-02,3.70067418e-03
212,212,0,5.00000000e-01,5.34433079e-02,3.69959851e-03
214,212,2,5.00000000e-01,8.30565368e-01,7.51198154e-01
222,212,10,5.00000000e-01,5.00246567e-02,3.47257215e-03
281,281,0,5.00000000e-01,5.20061840e-02,3.59711192e-03
283,281,2,5.00000000e-01,5.01880326e-02,3.42262912e-03
291,281,10,5.00000000e-01,3.11745220e+00,1.48666250e+00
372,372,0,5.00000000e-01,5.32357532e+00,1.95029721e+00
374,372,2,5.00000000e-01,8.04041632e-01,7.79162328e-01
382,372,10,5.00000000e-01,5.80333914e-02,3.67512385e-03
494,494,0,5.00000000e-01,5.64175298e-02,3.76085951e-03
496,494,2,5.00000000e-01,5.61133292e-02,3.54287133e-03
504,494,10,5.00000000e-01,5.42732723e-02,3.49074078e-03
655,655,0,5.00000000e-01,8.23526320e-01,7.63095441e-01
657,655,2,5.00000000e-01,5.52894816e-02,3.75393496e-03
665,655,10,5.00000000e-01,7.81192576e-01,7.49927697e-01
868,868,0,5.00000000e-01,5.15133347e-02,3.58490353e-03
870,868,2,5.00000000e-01,5.07527000e-02,3.54224923e-03
878,868,10,5.00000000e-01,5.33946793e-02,3.54835030e-03
1151,1151,0,5.00000000e-01,5.36162461e-02,3.57171341e-03
1153,1151,2,5.00000000e-01,5.08271326e-02,3.33442724e-03
1161,1151,10,5.00000000e-01,7.87254801e-01,7.22589302e-01
1526,1526,0,5.00000000e-01,5.35507649e-02,3.51406215e-03
1528,1526,2,5.00000000e-01,5.10293063e-02,3.53240668e-03
1536,1526,10,5.00000000e-01,7.73062461e-01,7.38352700e-01
2023,2023,0,5.00000000e-01,4.95761401e-02,3.40847535e-03
2025,2023,2,5.00000000e-01,5.17813625e-02,3.48141902e-03
2033,2023,10,5.00000000e-01,3.10570699e+00,1.53593831e+00
2682,2682,0,5.00000000e-01,5.35476466e-02,3.49374367e-03
2684,2682,2,5.00000000e-01,5.15982300e-02,3.53241177e-03
2692,2682,10,5.00000000e-01,7.90809012e-01,7.39052255e-01
3556,3556,0,5.00000000e-01,3.66636591e+00,1.60580163e+00
3558,3556,2,5.00000000e-01,5.35378019e+00,1.99565297e+00
3566,3556,10,5.00000000e-01,5.11769982e-02,3.54842244e-03
4714,4714,0,5.00000000e-01,8.35350214e-01,7.67237454e-01
4716,4714,2,5.00000000e-01,5.38172419e-02,3.58555247e-03
4724,4714,10,5.00000000e-01,5.79471573e-02,3.67971217e-03
6250,6250,0,5.00000000e-01,5.38611714e-02,3.68338109e-03
6252,6250,2,5.00000000e-01,8.02453502e-01,7.47531268e-01
6260,6250,10,5.00000000e-01,8.14558543e-01,7.55227843e-01
8286,8286,0,5.00000000e-01,5.30501525e-02,3.48154674e-03
8288,8286,2,5.00000000e-01,5.17954556e-02,3.38615077e-03
8296,8286,10,5.00000000e-01,5.48046193e-02,3.66734920e-03
10985,10985,0,5.00000000e-01,5.28102809e-02,3.63348174e-03
10987,10985,2,5.00000000e-01,5.55676858e-02,3.64017737e-03
10995,10985,10,5.00000000e-01,5.55179602e-02,3.51189499e-03
14563,14563,0,5.00000000e-01,5.79705378e-02,3.61075547e-03
14565,14563,2,5.00000000e-01,5.62593618e-02,3.75683135e-03
14573,14563,10,5.00000000e-01,8.24722414e-01,7.41797743e-01
19306,19306,0,5.00000000e-01,5.38453849e-02,3.55249466e-03
19308,19306,2,5.00000000e-01,5.44158457e-02,3.60221206e-03
19316,19306,10,5.00000000e-01,5.91741768e-02,3.54648658e-03
25595,25595,0,5.00000000e-01,5.19479396e-02,3.52885991e-03
25597,25595,2,5.00000000e-01,8.74555596e-01,8.19240000e-01
25605,25595,10,5.00000000e-01,5.32470521e-02,3.62156130e-03
33932,33932,0,5.00000000e-01,4.99671455e-02,3.54161898e-03
33934,33932,2,5.00000000e-01,5.69911519e-02,3.64981002e-03
33942,33932,10,5.00000000e-01,5.51963092e-02,3.70001683e-03
44984,44984,0,5.00000000e-01,4.59477298e+00,1.80185080e+00
44986,44984,2,5.00000000e-01,3.02967627e+00,1.47307498e+00
44994,44984,10,5.00000000e-01,5.09563599e-02,3.53263980e-03
59636,59636,0,5.00000000e-01,5.54192683e-02,3.67015908e-03
59638,59636,2,5.00000000e-01,5.00834881e-02,3.42935058e-03
59646,59636,10,5.00000000e-01,7.76386944e-01,7.49148489e-01
79060,79060,0,5.00000000e-01,5.58041300e-02,3.52570781e-03
79062,79060,2,5.00000000e-01,5.28220305e-02,3.56586524e-03
79070,79060,10,5.00000000e-01,4.97043954e-02,3.58697999e-03
104811,104811,0,5.00000000e-01,5.34285851e-02,3.63228114e-03
104813,104811,2,5.00000000e-01,5.39874507e-02,3.63979515e-03
104821,104811,10,5.00000000e-01,5.01509726e-02,3.49958502e-03
138949,138949,0,5.00000000e-01,5.71100988e-02,3.84189621e-03
138951,138949,2,5.00000000e-01,5.34452612e-02,3.54599740e-03
138959,138949,10,5.00000000e-01,5.27249222e-02,3.46359866e-03
184206,184206,0,5.00000000e-01,5.16903145e-02,3.49479438e-03
184208,184206,2,5.00000000e-01,5.13607849e-02,3.43986256e-03
184216,184206,10,5.00000000e-01,4.92484082e-02,3.45770008e-03
244205,244205,0,5.00000000e-01,5.19248145e-02,3.48729367e-03
244207,244205,2,5.00000000e-01,5.40131089e-02,3.70056961e-03
244215,244205,10,5.00000000e-01,5.12336067e-02,3.49378385e-03
323745,323745,0,5.00000000e-01,5.04833409e-02,3.39676707e-03
323747,323745,2,5.00000000e-01,5.60996815e-02,3.64256209e-03
323755,323745,10,5.00000000e-01,5.48800527e-02,3.65676436e-03
429193,429193,0,5.00000000e-01,5.53579735e-02,3.61314796e-03
429195,429193,2,5.00000000e-01,5.48351064e-02,3.56450063e-03
429203,429193,10,5.00000000e-01,5.28246376e-02,3.54664923e-03
568986,568986,0,5.00000000e-01,5.69858271e-02,3.79381620e-03
568988,568986,2,5.00000000e-01,1.59733044e+00,1.08756911e+00
568996,568986,10,5.00000000e-01,5.66806521e-02,3.55907996e-03
754312,754312,0,5.00000000e-01,5.35924928e-02,3.59631633e-03
754314,754312,2,5.00000000e-01,5.15468891e-02,3.34958578e-03
754322,754312,10,5.00000000e-01,5.31666148e-02,3.58930562e-03
1000000,1000000,0,5.00000000e-01,5.41317904e-02,3.51070515e-03
1000002,1000000,2,5.00000000e-01,5.65336274e-02,3.45077645e-03
1000010,1000000,10,5.00000000e-01,5.34490699e-02,3.50996898e-03
1,1,0,1.00000000e+00,3.01311490e+02,1.04527625e+02
3,1,2,1.00000000e+00,5.09536317e+00,1.73313268e+00
11,1,10,1.00000000e+00,3.74102322e-01,6.30674403e-02
2,2,0,1.00000000e+00,5.09369820e+01,4.28369886e+01
4,2,2,1.00000000e+00,3.02879618e+00,1.32097425e+00
12,2,10,1.00000000e+00,1.90168842e+00,1.05089270e+00
3,3,0,1.00000000e+00,5.07791839e+00,1.77537280e+00
5,3,2,1.00000000e+00,2.14054214e+00,1.11394420e+00
13,3,10,1.00000000e+00,2.89338960e-01,5.28264201e-02
4,4,0,1.00000000e+00,3.02251002e+00,1.29412900e+00
6,4,2,1.00000000e+00,1.84590658e+00,1.04030787e+00
14,4,10,1.00000000e+00,1.38911565e+00,8.00124995e-01
5,5,0,1.00000000e+00,2.10054256e+00,1.01523133e+00
7,5,2,1.00000000e+00,4.10718829e-01,6.60069955e-02
15,5,10,1.00000000e+00,4.17368012e-01,6.74524814e-02
7,7,0,1.00000000e+00,4.15581814e-01,6.48121445e-02
9,7,2,1.00000000e+00,3.15122695e-01,5.57162083e-02
17,7,10,1.00000000e+00,5.67620085e-01,7.77017147e-02
9,9,0,1.00000000e+00,3.19770468e-01,5.56365936e-02
11,9,2,1.00000000e+00,3.73370129e-01,6.26032005e-02
19,9,10,1.00000000e+00,2.83982459e-01,5.15015058e-02
12,12,0,1.00000000e+00,1.89813759e+00,1.03299990e+00
14,12,2,1.00000000e+00,1.33142729e+00,7.44846231e-01
22,12,10,1.00000000e+00,4.47232757e-01,6.78850087e-02
16,16,0,1.00000000e+00,7.41406849e-01,9.47472318e-02
18,16,2,1.00000000e+00,2.02163351e+00,1.08337532e+00
26,16,10,1.00000000e+00,4.71128608e-01,7.08335013e-02
22,22,0,1.00000000e+00,4.46839281e-01,6.95288996e-02
24,22,2,1.00000000e+00,3.95159833e-01,6.40375510e-02
32,22,10,1.00000000e+00,1.09585936e+00,7.31523419e-01
29,29,0,1.00000000e+00,2.69345379e-01,5.07065361e-02
31,29,2,1.00000000e+00,1.37326690e+00,7.58028050e-01
39,29,10,1.00000000e+00,4.62908523e-01,7.16224077e-02
39,39,0,1.00000000e+00,4.68249115e-01,7.06964752e-02
41,39,2,1.00000000e+00,4.13160063e-01,6.68893259e-02
49,39,10,1.00000000e+00,1.28900766e+00,7.50594755e-01
51,51,0,1.00000000e+00,2.66650987e-01,5.10745931e-02
53,51,2,1.00000000e+00,2.20559617e-01,4.28732230e-02
61,51,10,1.00000000e+00,4.22910048e-01,6.95783464e-02
68,68,0,1.00000000e+00,1.12997021e+00,7.49831147e-01
70,68,2,1.00000000e+00,1.97824755e+00,1.07495760e+00
78,68,10,1.00000000e+00,4.42209841e-01,6.75391907e-02
91,91,0,1.00000000e+00,4.28301675e-01,7.05029449e-02
93,91,2,1.00000000e+00,2.07426009e+00,1.06865340e+00
101,91,10,1.00000000e+00,1.14696851e+00,7.68675914e-01
120,120,0,1.00000000e+00,1.09808887e+00,7.63245368e-01
122,120,2,1.00000000e+00,1.37181081e+00,7.61820793e-01
130,120,10,1.00000000e+00,3.97333245e-01,6.35545542e-02
159,159,0,1.00000000e+00,3.79834054e+00,1.53009429e+00
161,159,2,1.00000000e+00,4.49100087e-01,6.97365416e-02
169,159,10,1.00000000e+00,1.88482982e+00,1.03823584e+00
212,212,0,1.00000000e+00,2.75448636e+00,1.32892362e+00
214,212,2,1.00000000e+00,1.17987158e+00,7.64028248e-01
222,212,10,1.00000000e+00,3.24394984e-01,5.63121815e-02
281,281,0,1.00000000e+00,2.85041010e-01,5.21237850e-02
283,281,2,1.00000000e+00,1.14856731e+00,7.55206370e-01
291,281,10,1.00000000e+00,2.61500934e-01,5.10942123e-02
372,372,0,1.00000000e+00,3.86405649e-01,6.70603594e-02
374,372,2,1.00000000e+00,5.38524425e-01,7.78215196e-02
382,372,10,1.00000000e+00,3.25068852e-01,5.90197766e-02
494,494,0,1.00000000e+00,3.09019255e-01,5.30693604e-02
496,494,2,1.00000000e+00,2.06789870e+00,1.05101628e+00
504,494,10,1.00000000e+00,5.26322947e-01,8.05793627e-02
655,655,0,1.00000000e+00,2.88888763e-01,5.44932908e-02
657,655,2,1.00000000e+00,5.01128184e-01,7.55691331e-02
665,655,10,1.00000000e+00,1.06826829e+00,7.53539993e-01
868,868,0,1.00000000e+00,7.92701575e-01,1.02457953e-01
870,868,2,1.00000000e+00,1.17398562e+00,7.41393997e-01
878,868,10,1.00000000e+00,1.34451486e+00,7.63790975e-01
1151,1151,0,1.00000000e+00,1.40625266e+00,7.79409221e-01
1153,1151,2,1.00000000e+00,3.35949691e-01,5.68348620e-02
1161,1151,10,1.00000000e+00,5.65666555e-01,8.01718894e-02
1526,1526,0,1.00000000e+00,3.06720685e-01,5.48775729e-02
1528,1526,2,1.00000000e+00,1.69908634e+00,1.03997995e+00
1536,1526,10,1.00000000e+00,3.14249064e-01,5.75301013e-02
2023,2023,0,1.00000000e+00,1.26645504e+00,7.71968476e-01
2025,2023,2,1.00000000e+00,4.79287425e-01,7.32937036e-02
2033,2023,10,1.00000000e+00,3.87130666e-01,6.37685717e-02
2682,2682,0,1.00000000e+00,1.17911699e+00,8.06497076e-01
2684,2682,2,1.00000000e+00,3.70947638e+00,1.54035644e+00
2692,2682,10,1.00000000e+00,2.75037191e+00,1.31987067e+00
3556,3556,0,1.00000000e+00,1.17192199e+00,7.44332565e-01
3558,3556,2,1.00000000e+00,3.59923568e-01,6.35894993e-02
3566,3556,10,1.00000000e+00,6.42906483e-01,8.83885985e-02
4714,4714,0,1.00000000e+00,3.31242461e-01,6.04624680e-02
4716,4714,2,1.00000000e+00,5.04452599e-01,7.32292242e-02
4724,4714,10,1.00000000e+00,2.95818281e-01,5.13995223e-02
6250,6250,0,1.00000000e+00,2.83145886e-01,5.22155705e-02
6252,6250,2,1.00000000e+00,3.07548326e+00,1.32532536e+00
6260,6250,10,1.00000000e+00,3.33049448e-01,5.65217172e-02
8286,8286,0,1.00000000e+00,2.22635301e+00,1.07669008e+00
8288,8286,2,1.00000000e+00,7.29612353e-01,9.35559387e-02
8296,8286,10,1.00000000e+00,4.47800421e-01,6.99657853e-02
10985,10985,0,1.00000000e+00,2.95908671e-01,5.38838835e-02
10987,10985,2,1.00000000e+00,2.51816813e-01,4.96670448e-02
10995,10985,10,1.00000000e+00,3.29802405e-01,6.00737335e-02
14563,14563,0,1.00000000e+00,4.33440833e-01,7.01801461e-02
14565,14563,2,1.00000000e+00,3.88767157e-01,6.51484468e-02
14573,14563,10,1.00000000e+00,2.40707087e-01,4.75829752e-02
19306,19306,0,1.00000000e+00,1.08663358e+00,7.28412373e-01
19308,19306,2,1.00000000e+00,3.40394835e+00,1.44169968e+00
19316,19306,10,1.00000000e+00,2.13472113e-01,4.42724414e-02
25595,25595,0,1.00000000e+00,1.86433206e+00,1.05884487e+00
25597,25595,2,1.00000000e+00,1.90630227e-01,3.92952449e-02
25605,25595,10,1.00000000e+00,1.29038546e+00,7.99877771e-01
33932,33932,0,1.00000000e+00,4.54393064e-01,7.25757918e-02
33934,33932,2,1.00000000e+00,4.48956837e-01,6.96401632e-02
33942,33932,10,1.00000000e+00,1.12090469e+00,7.46503337e-01
44984,44984,0,1.00000000e+00,4.32386325e-01,7.25963244e-02
44986,44984,2,1.00000000e+00,3.85575949e-01,6.27689632e-02
44994,44984,10,1.00000000e+00,3.90357441e-01,6.64004157e-02
59636,59636,0,1.00000000e+00,4.10361765e-01,6.46985245e-02
59638,59636,2,1.00000000e+00,2.47329478e-01,4.79764575e-02
59646,59636,10,1.00000000e+00,3.39873795e-01,5.83400327e-02
79060,79060,0,1.00000000e+00,3.53940755e+00,1.55240854e+00
79062,79060,2,1.00000000e+00,6.12441697e-01,8.30316031e-02
79070,79060,10,1.00000000e+00,2.25484269e-01,4.38730111e-02
104811,104811,0,1.00000000e+00,2.38202934e-01,4.63471370e-02
104813,104811,2,1.00000000e+00,4.84037960e-01,7.24039112e-02
104821,104811,10,1.00000000e+00,3.60790496e-01,6.26688410e-02
138949,138949,0,1.00000000e+00,1.18550193e+00,7.44628953e-01
138951,138949,2,1.00000000e+00,2.64276265e-01,4.93055098e-02
138959,138949,10,1.00000000e+00,6.64177813e-01,8.68884396e-02
184206,184206,0,1.00000000e+00,2.75100315e+00,1.32141000e+00
184208,184206,2,1.00000000e+00,1.14036285e+00,7.69863174e-01
184216,184206,10,1.00000000e+00,2.84674301e-01,5.36317770e-02
244205,244205,0,1.00000000e+00,3.29717778e-01,5.61871628e-02
244207,244205,2,1.00000000e+00,2.52531178e-01,4.78742261e-02
244215,244205,10,1.00000000e+00,1.18528625e+00,7.80143877e-01
323745,323745,0,1.00000000e+00,1.13534480e+00,7.48287030e-01
323747,323745,2,1.00000000e+00,3.76158227e-01,6.10425392e-02
323755,323745,10,1.00000000e+00,1.51213185e+00,7.57748824e-01
429193,429193,0,1.00000000e+00,5.40240851e-01,7.83064689e-02
429195,429193,2,1.00000000e+00,3.73665689e-01,6.04963562e-02
429203,429193,10,1.00000000e+00,4.01467716e-01,6.60197445e-02
568986,568986,0,1.00000000e+00,2.19369371e-01,4.37411676e-02
568988,568986,2,1.00000000e+00,5.38049697e-01,8.13317998e-02
568996,568986,10,1.00000000e+00,3.39896538e-01,6.02351634e-02
754312,754312,0,1.00000000e+00,2.51748248e-01,4.92611683e-02
754314,754312,2,1.00000000e+00,3.34402390e-01,5.96690062e-02
754322,754312,10,1.00000000e+00,3.22261759e-01,5.64520982e-02
1000000,1000000,0,1.00000000e+00,1.31689360e+00,7.70929394e-01
1000002,1000000,2,1.00000000e+00,2.79261333e-01,5.01861316e-02
1000010,1000000,10,1.00000000e+00,1.12625985e+00,7.54661291e-01
1,1,0,2.00000000e+00,4.17837504e+00,3.72850152e-01
3,1,2,2.00000000e+00,8.77414207e-01,7.08653641e-02
11,1,10,2.00000000e+00,8.28416215e-01,1.28787178e-01
2,2,0,2.00000000e+00,1.68408675e+00,2.16160801e-01
4,2,2,2.00000000e+00,6.64314291e-01,4.82601994e-02
12,2,10,2.00000000e+00,9.45167150e-01,1.21814281e-01
3,3,0,2.00000000e+00,8.78615702e-01,7.04937192e-02
5,3,2,2.00000000e+00,9.75339169e-01,1.49580641e-01
13,3,10,2.00000000e+00,1.02946901e+00,2.12057902e-01
4,4,0,2.00000000e+00,6.65967895e-01,5.05465124e-02
6,4,2,2.00000000e+00,7.18315575e-01,6.27894140e-02
14,4,10,2.00000000e+00,1.08220354e+00,1.64004226e-01
5,5,0,2.00000000e+00,9.67368231e-01,1.54740226e-01
7,5,2,2.00000000e+00,9.97842160e-01,1.57620374e-01
15,5,10,2.00000000e+00,1.10450009e+00,1.63169735e-01
7,7,0,2.00000000e+00,9.95891386e-01,1.51734990e-01
9,7,2,2.00000000e+00,1.07483036e+00,1.27222096e-01
17,7,10,2.00000000e+00,1.06128868e+00,1.83890840e-01
9,9,0,2.00000000e+00,1.08703701e+00,1.28470289e-01
11,9,2,2.00000000e+00,8.33217916e-01,1.22684122e-01
19,9,10,2.00000000e+00,9.25112364e-01,7.49093691e-02
12,12,0,2.00000000e+00,9.40349547e-01,1.22340812e-01
14,12,2,2.00000000e+00,1.08485578e+00,1.66829861e-01
22,12,10,2.00000000e+00,6.83246521e-01,5.63891428e-02
16,16,0,2.00000000e+00,1.28487547e+00,2.10831065e-01
18,16,2,2.00000000e+00,8.95268419e-01,7.58216857e-02
26,16,10,2.00000000e+00,1.25769654e+00,1.92636775e-01
22,22,0,2.00000000e+00,6.81422519e-01,5.57507657e-02
24,22,2,2.00000000e+00,1.38124522e+00,1.92529833e-01
32,22,10,2.00000000e+00,1.16166067e+00,1.21466146e-01
29,29,0,2.00000000e+00,9.10131798e-01,1.20652540e-01
31,29,2,2.00000000e+00,1.03202261e+00,1.21188162e-01
39,29,10,2.00000000e+00,1.42146497e+00,2.01709631e-01
39,39,0,2.00000000e+00,1.42460792e+00,1.93346584e-01
41,39,2,2.00000000e+00,1.10880346e+00,1.89450678e-01
49,39,10,2.00000000e+00,1.37315718e+00,1.96794209e-01
51,51,0,2.00000000e+00,1.08559509e+00,1.87876999e-01
53,51,2,2.00000000e+00,1.11152838e+00,1.67135456e-01
61,51,10,2.00000000e+00,8.97916875e-01,6.99561482e-02
68,68,0,2.00000000e+00,9.73318849e-01,1.19534302e-01
70,68,2,2.00000000e+00,9.78691530e-01,1.18224933e-01
78,68,10,2.00000000e+00,9.03751049e-01,7.06455666e-02
91,91,0,2.00000000e+00,9.50827106e-01,7.28625495e-02
93,91,2,2.00000000e+00,1.12369271e+00,1.65117727e-01
101,91,10,2.00000000e+00,1.03043941e+00,1.26313145e-01
120,120,0,2.00000000e+00,1.07227166e+00,1.30253366e-01
122,120,2,2.00000000e+00,1.60516932e+00,2.60763352e-01
130,120,10,2.00000000e+00,9.59994404e-01,1.19993136e-01
159,159,0,2.00000000e+00,9.50709626e-01,1.26010475e-01
161,159,2,2.00000000e+00,1.52923666e+00,2.38308542e-01
169,159,10,2.00000000e+00,1.03687513e+00,1.25880832e-01
212,212,0,2.00000000e+00,8.03539123e-01,6.57308474e-02
214,212,2,2.00000000e+00,9.32240486e-01,7.56473803e-02
222,212,10,2.00000000e+00,1.17119536e+00,1.66931879e-01
281,281,0,2.00000000e+00,1.26084410e+00,1.67250234e-01
283,281,2,2.00000000e+00,1.01004078e+00,7.97640930e-02
291,281,10,2.00000000e+00,1.31826808e+00,2.13174814e-01
372,372,0,2.00000000e+00,8.07902433e-01,1.14346898e-01
374,372,2,2.00000000e+00,9.11385125e-01,1.21333450e-01
382,372,10,2.00000000e+00,7.48597489e-01,6.00881988e-02
494,494,0,2.00000000e+00,1.00867606e+00,1.52447237e-01
496,494,2,2.00000000e+00,9.39266639e-01,1.21349799e-01
504,494,10,2.00000000e+00,1.20428006e+00,1.87927571e-01
655,655,0,2.00000000e+00,1.07398272e+00,1.61445758e-01
657,655,2,2.00000000e+00,1.33307522e+00,2.11671464e-01
665,655,10,2.00000000e+00,7.37847701e-01,1.14393993e-01
868,868,0,2.00000000e+00,9.65581951e-01,1.23079954e-01
870,868,2,2.00000000e+00,1.05443071e+00,1.64207400e-01
878,868,10,2.00000000e+00,1.12025792e+00,1.87846690e-01
1151,1151,0,2.00000000e+00,9.19186879e-01,7.32739716e-02
1153,1151,2,2.00000000e+00,9.84979982e-01,1.27430470e-01
1161,1151,10,2.00000000e+00,1.01767018e+00,1.26590278e-01
1526,1526,0,2.00000000e+00,8.46652627e-01,7.21585275e-02
1528,1526,2,2.00000000e+00,1.00021638e+00,1.23960985e-01
1536,1526,10,2.00000000e+00,9.43217995e-01,7.54856901e-02
2023,2023,0,2.00000000e+00,9.01366480e-01,1.20976037e-01
2025,2023,2,2.00000000e+00,8.40768499e-01,6.97311710e-02
2033,2023,10,2.00000000e+00,9.44704122e-01,1.24773066e-01
2682,2682,0,2.00000000e+00,1.32237773e+00,1.62337577e-01
2684,2682,2,2.00000000e+00,7.16276839e-01,5.73881846e-02
2692,2682,10,2.00000000e+00,1.07956857e+00,1.90432064e-01
3556,3556,0,2.00000000e+00,1.27963477e+00,1.97515802e-01
3558,3556,2,2.00000000e+00,8.98374249e-01,1.23453147e-01
3566,3556,10,2.00000000e+00,7.04957876e-01,5.69983751e-02
4714,4714,0,2.00000000e+00,8.67387659e-01,1.61039025e-01
4716,4714,2,2.00000000e+00,9.42870717e-01,1.24452749e-01
4724,4714,10,2.00000000e+00,1.46481113e+00,2.20997025e-01
6250,6250,0,2.00000000e+00,1.00451944e+00,1.27467939e-01
6252,6250,2,2.00000000e+00,8.83766180e-01,7.07670341e-02
6260,6250,10,2.00000000e+00,1.56175672e+00,2.59467374e-01
8286,8286,0,2.00000000e+00,7.06877496e-01,5.88147912e-02
8288,8286,2,2.00000000e+00,9.20473398e-01,7.47430626e-02
8296,8286,10,2.00000000e+00,1.16404322e+00,1.65223876e-01
10985,10985,0,2.00000000e+00,8.74016072e-01,7.11739507e-02
10987,10985,2,2.00000000e+00,8.04396985e-01,6.59787159e-02
10995,10985,10,2.00000000e+00,7.90302099e-01,5.87000678e-02
14563,14563,0,2.00000000e+00,1.08575822e+00,1.58203692e-01
14565,14563,2,2.00000000e+00,8.60354321e-01,6.85163016e-02
14573,14563,10,2.00000000e+00,7.34349999e-01,6.81074737e-02
19306,19306,0,2.00000000e+00,9.99387959e-01,1.31562591e-01
19308,19306,2,2.00000000e+00,1.27270546e+00,1.98464503e-01
19316,19306,10,2.00000000e+00,8.66090185e-01,7.21033723e-02
25595,25595,0,2.00000000e+00,5.61412083e-01,4.52847996e-02
25597,25595,2,2.00000000e+00,7.64700323e-01,6.22434038e-02
25605,25595,10,2.00000000e+00,8.81149035e-01,7.44564934e-02
33932,33932,0,2.00000000e+00,8.02165655e-01,6.33914727e-02
33934,33932,2,2.00000000e+00,1.04411460e+00,1.64356281e-01
33942,33932,10,2.00000000e+00,7.24345614e-01,6.72116872e-02
44984,44984,0,2.00000000e+00,7.28721960e-01,6.59194575e-02
44986,44984,2,2.00000000e+00,1.00285994e+00,1.22390558e-01
44994,44984,10,2.00000000e+00,9.97019589e-01,1.24280608e-01
59636,59636,0,2.00000000e+00,9.99345425e-01,1.26744723e-01
59638,59636,2,2.00000000e+00,9.19813905e-01,1.59775621e-01
59646,59636,10,2.00000000e+00,9.72987466e-01,1.56554840e-01
79060,79060,0,2.00000000e+00,7.00685833e-01,5.74629169e-02
79062,79060,2,2.00000000e+00,1.28547988e+00,1.98411713e-01
79070,79060,10,2.00000000e+00,1.68564385e+00,2.32939816e-01
104811,104811,0,2.00000000e+00,9.52786995e-01,1.52868368e-01
104813,104811,2,2.00000000e+00,7.69273954e-01,6.71169864e-02
104821,104811,10,2.00000000e+00,5.38494493e-01,4.34924936e-02
138949,138949,0,2.00000000e+00,8.28746633e-01,1.20955027e-01
138951,138949,2,2.00000000e+00,1.06970375e+00,1.66380194e-01
138959,138949,10,2.00000000e+00,6.91518195e-01,5.61155722e-02
184206,184206,0,2.00000000e+00,8.61512622e-01,1.20699741e-01
184208,184206,2,2.00000000e+00,8.55707030e-01,1.18124202e-01
184216,184206,10,2.00000000e+00,9.47156179e-01,1.23006499e-01
244205,244205,0,2.00000000e+00,1.14103785e+00,1.23720617e-01
244207,244205,2,2.00000000e+00,1.02734125e+00,1.22812853e-01
244215,244205,10,2.00000000e+00,1.08064179e+00,1.88376814e-01
323745,323745,0,2.00000000e+00,6.69573449e-01,5.57746250e-02
323747,323745,2,2.00000000e+00,1.29941130e+00,2.00920737e-01
323755,323745,10,2.00000000e+00,8.84283833e-01,1.51228258e-01
429193,429193,0,2.00000000e+00,6.87689596e-01,6.01054758e-02
429195,429193,2,2.00000000e+00,8.17941401e-01,6.81050556e-02
429203,429193,10,2.00000000e+00,8.43961124e-01,7.30604695e-02
568986,568986,0,2.00000000e+00,1.00241974e+00,1.56678136e-01
568988,568986,2,2.00000000e+00,1.35153326e+00,2.18787537e-01
568996,568986,10,2.00000000e+00,1.19924490e+00,1.63065383e-01
754312,754312,0,2.00000000e+00,1.17293005e+00,1.87560426e-01
754314,754312,2,2.00000000e+00,9.42418113e-01,1.56196558e-01
754322,754312,10,2.00000000e+00,1.01998674e+00,1.58890868e-01
1000000,1000000,0,2.00000000e+00,7.57566599e-01,6.23677416e-02
1000002,1000000,2,2.00000000e+00,9.42811088e-01,1.24545421e-01
1000010,1000000,10,2.00000000e+00,1.10376016e+00,1.28162325e-01
